0.741157
0.730405
0.587992
0.55931
0.559038
0.557932
0.548916
0.542471
0.539224
0.534902
0.518501
0.490095
0.480599
0.475903
0.475252
0.468487
0.466506
0.459761
0.459586
0.458712
0.458507
0.457407
0.456629
0.452439
0.450437
0.450025
0.448125
0.443959
0.441278
0.439953
0.438934
0.438046
0.433308
0.426527
0.426477
0.426031
0.425071
0.421871
0.417146
0.415079
0.413685
0.413418
0.413023
0.412541
0.412375
0.408953
0.407099
0.404211
0.403993
0.403368
0.401609
0.401508
0.400712
0.40056
0.399699
0.398544
0.398156
0.396858
0.395767
0.395677
0.392419
0.3905
0.389419
0.389022
0.388551
0.388384
0.387195
0.386608
0.385055
0.384449
0.383996
0.383429
0.382673
0.382546
0.382062
0.381801
0.381135
0.38005
0.380036
0.377831
0.374091
0.37232
0.372255
0.371725
0.370832
0.370164
0.370058
0.369447
0.369083
0.36821
0.368207
0.368195
0.367672
0.367663
0.366243
0.366237
0.365996
0.365156
0.363776
0.36238
0.361931
0.360883
0.360449
0.358062
0.357226
0.356832
0.356826
0.356318
0.356135
0.355683
0.355337
0.355048
0.354594
0.353333
0.353264
0.352763
0.352609
0.351883
0.349323
0.348489
0.348134
0.348062
0.346064
0.345251
0.344517
0.344035
0.343978
0.343454
0.343324
0.343298
0.339711
0.338805
0.33731
0.336797
0.336427
0.335512
0.334146
0.334012
0.332671
0.331399
0.331271
0.328645
0.328454
0.328317
0.328246
0.328221
0.327662
0.326777
0.326759
0.325818
0.325257
0.325048
0.324195
0.322486
0.32157
0.32059
0.320481
0.319806
0.319599
0.318678
0.318405
0.317709
0.31701
0.316984
0.31591
0.314627
0.314387
0.313587
0.31217
0.312091
0.312034
0.311713
0.310226
0.309187
0.309165
0.308851
0.30837
0.307719
0.306233
0.304798
0.304785
0.303835
0.303231
0.303102
0.303101
0.303066
0.302247
0.301967
0.301391
0.301373
0.299761
0.299279
0.298792
0.298464
0.29634
0.295458
0.294099
0.293781
0.293382
0.292498
0.292405
0.29217
0.292124
0.292038
0.29129
0.289786
0.289604
0.289558
0.289301
0.288843
0.28866
0.287201
0.287046
0.286538
0.286047
0.286019
0.28519
0.284822
0.283694
0.283102
0.282359
0.282017
0.281483
0.28105
0.280061
0.279553
0.278482
0.278462
0.277802
0.277157
0.27647
0.276305
0.276082
0.275632
0.275199
0.274625
0.273782
0.273703
0.273376
0.273143
0.272461
0.27223
0.271359
0.271195
0.270295
0.270024
0.269764
0.269681
0.269431
0.268987
0.268229
0.268204
0.267402
0.267242
0.266336
0.266033
0.265163
0.261986
0.261968
0.261531
0.2613
0.259732
0.259332
0.259315
0.258889
0.257737
0.257082
0.25667
0.256592
0.256022
0.255884
0.255426
0.255424
0.255217
0.255021
0.254826
0.254472
0.253654
0.25301
0.252555
0.252227
0.251945
0.251782
0.251402
0.251118
0.250839
0.250183
0.249839
0.249661
0.249179
0.248958
0.248742
0.248665
0.248223
0.248194
0.247144
0.245823
0.245679
0.245209
0.245192
0.245082
0.244271
0.243327
0.242936
0.242556
0.242039
0.241651
0.241504
0.241388
0.241025
0.24084
0.240326
0.24017
0.239713
0.239549
0.239237
0.238941
0.238584
0.237895
0.237783
0.237198
0.237105
0.236853
0.236057
0.236026
0.235759
0.235101
0.23479
0.23442
0.233952
0.233862
0.233618
0.233321
0.232814
0.232448
0.232176
0.23213
0.231882
0.231773
0.23078
0.230771
0.229901
0.229048
0.228654
0.227895
0.227357
0.227282
0.226546
0.225874
0.225868
0.225854
0.224547
0.224347
0.224247
0.223675
0.223597
0.223523
0.223305
0.223083
0.222946
0.222756
0.222747
0.222244
0.222238
0.222101
0.221178
0.221073
0.220972
0.220905
0.220658
0.220583
0.220295
0.21963
0.219614
0.219558
0.219362
0.219042
0.218966
0.21893
0.218
0.217918
0.217495
0.21706
0.216619
0.21637
0.215997
0.215931
0.215774
0.215263
0.214923
0.21471
0.214354
0.213908
0.213265
0.213084
0.212957
0.212917
0.212861
0.212622
0.212543
0.21204
0.211941
0.211628
0.211424
0.21141
0.211298
0.210433
0.21029
0.210212
0.209979
0.209915
0.209254
0.20799
0.206523
0.205687
0.205133
0.205133
0.205095
0.204901
0.204608
0.204111
0.203921
0.203377
0.202864
0.201977
0.201706
0.201688
0.201536
0.201513
0.201443
0.201073
0.200887
0.200781
0.200543
0.200283
0.200024
0.199943
0.199644
0.199295
0.199291
0.198429
0.197977
0.197895
0.197827
0.197741
0.197379
0.197353
0.197231
0.196783
0.196748
0.196521
0.196463
0.196342
0.196303
0.1958
0.195766
0.195553
0.1955
0.195391
0.195282
0.194615
0.194256
0.193969
0.193548
0.193349
0.192937
0.192748
0.192462
0.192194
0.19211
0.191907
0.191167
0.190683
0.190435
0.189712
0.189709
0.189618
0.189499
0.189464
0.189172
0.188286
0.187879
0.18782
0.186718
0.186639
0.186285
0.186132
0.185723
0.18569
0.185662
0.185178
0.185119
0.185075
0.184904
0.184672
0.184632
0.184352
0.184043
0.184008
0.183773
0.182606
0.1826
0.182447
0.182289
0.181861
0.181784
0.181484
0.181309
0.180368
0.180054
0.179879
0.179723
0.179198
0.179047
0.179037
0.178675
0.178557
0.17756
0.177325
0.176805
0.176578
0.176313
0.176288
0.17621
0.176006
0.175978
0.175936
0.175767
0.175592
0.175251
0.17487
0.173855
0.17368
0.173645
0.173406
0.173206
0.173171
0.172688
0.172514
0.17223
0.172172
0.171901
0.171891
0.171285
0.170959
0.170835
0.170504
0.170258
0.169697
0.169299
0.16886
0.168533
0.168316
0.168312
0.168031
0.167818
0.16753
0.167377
0.167313
0.167285
0.16696
0.166637
0.166527
0.166419
0.166331
0.165477
0.165254
0.165014
0.164594
0.164506
0.164067
0.164027
0.163804
0.163594
0.163267
0.163119
0.163113
0.163013
0.162926
0.162605
0.162575
0.162535
0.162028
0.161962
0.161602
0.161347
0.161273
0.16124
0.160857
0.160851
0.160762
0.160722
0.160653
0.160432
0.159277
0.159059
0.158815
0.158708
0.158573
0.158563
0.15855
0.15831
0.158247
0.158119
0.157738
0.15739
0.157257
0.157211
0.15717
0.157111
0.156897
0.156713
0.156683
0.156576
0.15584
0.155511
0.155384
0.155273
0.155161
0.155099
0.155041
0.154537
0.154517
0.154499
0.154438
0.154039
0.153974
0.15359
0.153443
0.152986
0.152506
0.152258
0.152132
0.151996
0.151944
0.151407
0.150842
0.150628
0.150564
0.150041
0.149011
0.148834
0.148335
0.148217
0.148006
0.147976
0.147894
0.147522
0.147192
0.146874
0.146824
0.146785
0.14664
0.146574
0.146534
0.146492
0.146336
0.146329
0.146221
0.145557
0.145493
0.145205
0.145179
0.145104
0.144989
0.144916
0.144824
0.144609
0.144209
0.144196
0.144041
0.143946
0.143832
0.143702
0.1437
0.143602
0.14312
0.142739
0.142699
0.142662
0.142464
0.142057
0.142054
0.142029
0.141932
0.141829
0.141711
0.141688
0.141682
0.141666
0.141446
0.14133
0.141137
0.141075
0.140882
0.140586
0.140573
0.14021
0.139503
0.138936
0.138845
0.138802
0.138674
0.138661
0.138387
0.137643
0.137604
0.137602
0.137476
0.136835
0.136652
0.136228
0.136191
0.136022
0.135937
0.135927
0.13552
0.135374
0.1352
0.135103
0.135069
0.134718
0.13458
0.134507
0.134423
0.134257
0.134095
0.134067
0.13403
0.133822
0.133667
0.133339
0.133304
0.13319
0.133042
0.132923
0.132858
0.132725
0.132401
0.132312
0.132274
0.13217
0.131757
0.131747
0.131744
0.131599
0.131233
0.131215
0.130854
0.130707
0.130654
0.130233
0.130122
0.130029
0.129979
0.129776
0.129501
0.129467
0.128989
0.128907
0.128609
0.128605
0.128597
0.128569
0.128298
0.128285
0.1282
0.127508
0.127139
0.126837
0.126813
0.126664
0.126268
0.126184
0.126064
0.12569
0.12551
0.125422
0.125314
0.12499
0.124502
0.124184
0.123621
0.123592
0.122988
0.122969
0.122748
0.122438
0.122263
0.122217
0.12196
0.121663
0.121572
0.121558
0.121536
0.121523
0.121472
0.121456
0.121441
0.121427
0.121308
0.121099
0.120899
0.120648
0.120608
0.120586
0.120426
0.119883
0.119665
0.119205
0.11819
0.118165
0.117971
0.117797
0.117702
0.117651
0.11745
0.117185
0.116903
0.116807
0.116573
0.116523
0.116441
0.11643
0.116382
0.116115
0.11609
0.115933
0.115877
0.115837
0.115462
0.115456
0.115144
0.115051
0.114929
0.114869
0.114846
0.114514
0.114506
0.114285
0.114238
0.114173
0.11411
0.113937
0.113622
0.113375
0.113249
0.112847
0.112764
0.112584
0.112549
0.112442
0.112348
0.112014
0.111914
0.111833
0.111751
0.111676
0.11127
0.110915
0.110737
0.110721
0.110608
0.110485
0.110336
0.110271
0.110243
0.110062
0.109734
0.109522
0.109283
0.10891
0.108847
0.108741
0.108627
0.108567
0.108314
0.107997
0.107865
0.107808
0.107609
0.107591
0.107422
0.107111
0.107037
0.106995
0.106898
0.106524
0.10651
0.106501
0.106002
0.106
0.105946
0.105521
0.105413
0.105412
0.105358
0.105272
0.104797
0.104747
0.104747
0.104531
0.10434
0.104212
0.104097
0.104046
0.104019
0.103995
0.103929
0.103789
0.103685
0.103577
0.103287
0.103254
0.103202
0.103188
0.103096
0.102311
0.102274
0.101738
0.101549
0.101477
0.101427
0.10135
0.101319
0.101215
0.101194
0.10114
0.10111
0.100587
0.100462
0.100359
0.100299
0.0997891
0.0997822
0.0996905
0.0995511
0.0991747
0.0990701
0.099017
0.0986259
0.0985894
0.0985853
0.0980994
0.0980791
0.0980783
0.0976951
0.0976591
0.0974995
0.0974768
0.0974168
0.097305
0.0971162
0.0969665
0.0966654
0.0966305
0.0965239
0.0963976
0.0963744
0.096369
0.0962544
0.0962496
0.0960685
0.0958915
0.0958314
0.0958004
0.095626
0.0956097
0.0952901
0.0951963
0.0951208
0.0950857
0.0950283
0.0949995
0.0949086
0.0947693
0.0947585
0.094568
0.0945397
0.0943464
0.0943298
0.0943264
0.0942953
0.0941437
0.0941021
0.093909
0.0938829
0.0938363
0.0936584
0.0936352
0.093534
0.0932891
0.09324
0.0932248
0.0931966
0.0931365
0.0930549
0.0928713
0.0926665
0.0925868
0.0925467
0.0924687
0.0922881
0.0919777
0.0916582
0.0916359
0.0915058
0.0914835
0.0914658
0.0914019
0.0913748
0.0912298
0.09121
0.0911227
0.090995
0.090951
0.090873
0.0906983
0.0901102
0.0901027
0.0900317
0.0899188
0.0896385
0.0895675
0.0893751
0.089317
0.0893104
0.0891555
0.089005
0.088782
0.0887441
0.0886133
0.0886036
0.0885359
0.0884654
0.0884043
0.0880769
0.0878017
0.0877985
0.0877426
0.0876103
0.0875949
0.0875172
0.0872663
0.086921
0.0867535
0.0866656
0.0864837
0.0864317
0.0863795
0.0862996
0.086136
0.0860602
0.0859498
0.085814
0.0857295
0.0856629
0.0855563
0.0854968
0.0852679
0.0852349
0.0851878
0.085171
0.0849533
0.084861
0.0847393
0.0846308
0.0846274
0.0845363
0.0842619
0.0842542
0.0841861
0.0839857
0.0839159
0.0838108
0.0837628
0.0836391
0.0836181
0.0836012
0.0833665
0.0828918
0.0826442
0.0825708
0.0825459
0.0825442
0.0822542
0.0822132
0.0821392
0.081978
0.0818188
0.0817795
0.0817787
0.0814087
0.0813485
0.0811494
0.0808998
0.080851
0.0806369
0.0805778
0.0804498
0.0803354
0.0802459
0.0802173
0.0801399
0.0800601
0.0800231
0.0798207
0.0797856
0.0797586
0.0797165
0.0795335
0.0794622
0.0794195
0.0792883
0.0789725
0.0789431
0.0788932
0.0788152
0.078742
0.0787031
0.0786257
0.0784084
0.0784082
0.0782789
0.0782654
0.0781451
0.0781248
0.078095
0.078073
0.0780597
0.0780569
0.0780304
0.077904
0.0778519
0.0776018
0.0775688
0.0775143
0.0773632
0.0772453
0.0771307
0.0767944
0.0766972
0.0766498
0.0766072
0.0765863
0.0764807
0.0762937
0.076173
0.0761328
0.0760693
0.0760407
0.0760396
0.0760228
0.0758171
0.0758135
0.0755793
0.0755789
0.0755586
0.0755378
0.075298
0.0752598
0.0750046
0.074984
0.0744884
0.0744142
0.0743702
0.0742438
0.0741995
0.0740411
0.0740098
0.073947
0.0739011
0.0738844
0.0738131
0.0734939
0.0734554
0.0732678
0.0731568
0.0730476
0.0730352
0.0730152
0.0728135
0.072649
0.0725889
0.0725797
0.0725724
0.0725579
0.072268
0.0722585
0.0721268
0.072004
0.0719508
0.0714774
0.0714747
0.0713725
0.0713281
0.0712232
0.0711716
0.0711695
0.0710412
0.0708549
0.0707734
0.070698
0.0705837
0.0705691
0.0704332
0.0704147
0.070189
0.0701455
0.0700687
0.0700546
0.0700259
0.0699625
0.0699082
0.0697776
0.0696712
0.0696696
0.0696407
0.0696405
0.0696226
0.0695902
0.0695147
0.0693649
0.069247
0.0692219
0.0690685
0.0690548
0.0687035
0.0686837
0.0686466
0.0686109
0.0685735
0.0684516
0.0681718
0.0679321
0.0678717
0.0678713
0.0678447
0.0676808
0.067498
0.067466
0.0674375
0.0674349
0.0674301
0.0673499
0.0672911
0.067243
0.0668883
0.0668007
0.0664629
0.0661681
0.0661327
0.0660377
0.0658198
0.0657187
0.0656663
0.0653802
0.0653721
0.0652035
0.0650921
0.0650765
0.0650557
0.0649471
0.0648945
0.0648394
0.0648329
0.0647569
0.0645744
0.0645559
0.0644929
0.0644607
0.0644302
0.0642675
0.0641337
0.0640724
0.0638914
0.0638484
0.063594
0.0635538
0.0635207
0.0634499
0.0634318
0.0634214
0.0633684
0.063337
0.0630923
0.0629992
0.062857
0.0627794
0.0622558
0.0621788
0.0620941
0.0620811
0.06203
0.0619266
0.0618579
0.0617077
0.0617024
0.0616888
0.061496
0.0614194
0.0613801
0.06127
0.0612028
0.0610962
0.0610619
0.0609466
0.0607472
0.0607038
0.0606963
0.0605485
0.0604412
0.0603942
0.060208
0.0601317
0.0600966
0.0599938
0.0599117
0.0598527
0.0597629
0.0597615
0.0597178
0.059566
0.0595415
0.0595305
0.059508
0.0594962
0.0594042
0.0593317
0.0592669
0.0591417
0.0590598
0.0588116
0.0587628
0.0585964
0.0585924
0.0585351
0.0584428
0.0584341
0.0584144
0.0583852
0.0583753
0.0581937
0.0578014
0.0577927
0.0577573
0.0577232
0.0577086
0.0576396
0.0576356
0.0576002
0.057521
0.0572985
0.0572588
0.0571378
0.0570603
0.0570002
0.0568827
0.0568221
0.0568214
0.0567426
0.0566234
0.0565955
0.0563517
0.0562973
0.0562432
0.0560446
0.0560002
0.0559861
0.0559023
0.0558472
0.0558109
0.05578
0.0556856
0.0553877
0.0553788
0.0553139
0.055256
0.0550506
0.0548169
0.0547919
0.0547515
0.0547292
0.054613
0.0546058
0.0545087
0.0544041
0.0543342
0.0542388
0.0541997
0.0541959
0.0541742
0.0540227
0.0539692
0.0539231
0.0538859
0.0538251
0.0537777
0.0536925
0.0536599
0.0535175
0.0534571
0.0534164
0.0533452
0.0532532
0.0532007
0.0531404
0.0531232
0.0531114
0.0530632
0.052937
0.0528391
0.0528258
0.0527955
0.0527536
0.0526145
0.0525627
0.0525524
0.0525429
0.0524643
0.0523872
0.0523789
0.0523712
0.0523632
0.0521974
0.0521337
0.0521012
0.0520498
0.0519669
0.0518733
0.0517822
0.0517746
0.0516982
0.0515888
0.0515812
0.051553
0.051442
0.051286
0.0512429
0.0511783
0.0510833
0.0510325
0.0510237
0.0510139
0.0508677
0.0508356
0.0508299
0.0507016
0.0506491
0.050609
0.0505665
0.0505625
0.0502916
0.050277
0.050269
0.0501871
0.0500912
0.050033
0.0499737
0.0499682
0.0499404
0.0499263
0.0498974
0.0498921
0.0498805
0.0498685
0.0498341
0.0497731
0.0497091
0.0496519
0.0496061
0.0495898
0.0494061
0.0493484
0.0492681
0.0492314
0.0490803
0.0490282
0.0489627
0.0488508
0.0486403
0.0485958
0.0485102
0.0483712
0.0483688
0.0481485
0.0480779
0.0479327
0.0478584
0.0478262
0.0478154
0.0477473
0.0476876
0.0476141
0.0475883
0.0475432
0.0471226
0.0468701
0.0467592
0.0467207
0.0467125
0.0466719
0.0465143
0.0462714
0.0462357
0.0461817
0.0461485
0.046148
0.0461087
0.0461075
0.0460801
0.0460767
0.0460355
0.0459052
0.0457233
0.0456759
0.045656
0.0455358
0.0454664
0.0453721
0.0453034
0.0451928
0.0450697
0.0450457
0.044797
0.0447876
0.044696
0.0446888
0.0444686
0.0443642
0.0443071
0.0441433
0.0441079
0.0441067
0.0440547
0.0439849
0.0439519
0.043949
0.0439129
0.0438342
0.0435846
0.0435591
0.0435284
0.0435172
0.0435007
0.04334
0.0432434
0.0432222
0.0431352
0.043106
0.0430916
0.0429267
0.042882
0.0428608
0.042436
0.0424185
0.0423291
0.0423119
0.0422727
0.0422677
0.0422282
0.0420586
0.042052
0.0419927
0.0419624
0.0419391
0.0419349
0.041914
0.0418924
0.0417254
0.0416577
0.0415992
0.0415696
0.0413531
0.0411298
0.0411217
0.0409847
0.0408509
0.0407547
0.0407435
0.0406907
0.0406622
0.0405547
0.0405463
0.0405058
0.0404384
0.0402591
0.0402567
0.0402321
0.0402119
0.0399811
0.0396155
0.0396089
0.0395921
0.0394868
0.0393907
0.0391103
0.0389732
0.0389683
0.0388884
0.0388137
0.0387508
0.0386366
0.0386129
0.0384398
0.0384181
0.0383379
0.0382994
0.0380332
0.0380152
0.0378411
0.0378035
0.0377487
0.0377213
0.0376816
0.0376256
0.0374788
0.0374244
0.0374126
0.0373716
0.0373222
0.0373145
0.0372141
0.0371635
0.0370372
0.0368866
0.0368192
0.0367588
0.0365893
0.0365656
0.0363271
0.0362652
0.0359927
0.0359619
0.0359262
0.0358951
0.0358746
0.0357574
0.0356799
0.0355364
0.0354265
0.03541
0.0353101
0.0352815
0.0352385
0.0350914
0.0345945
0.0345184
0.0344955
0.0343634
0.0342189
0.0341556
0.0341233
0.0341117
0.0339986
0.0337492
0.0336834
0.033682
0.0334985
0.0334402
0.0333922
0.033239
0.033018
0.0328809
0.032862
0.0327777
0.0327612
0.0326848
0.0326845
0.0326695
0.0326461
0.0325917
0.0325868
0.032491
0.032357
0.032312
0.0321014
0.0320978
0.0320737
0.0320018
0.0319783
0.0319616
0.0318909
0.0318328
0.0317039
0.0316647
0.0316016
0.0315231
0.0314957
0.0312912
0.031252
0.0311538
0.0309992
0.0309913
0.0309764
0.0309499
0.030753
0.0306709
0.0306504
0.0306317
0.0305768
0.0305231
0.0305193
0.0304624
0.0302548
0.0302535
0.030201
0.0301834
0.0301745
0.0301676
0.0301333
0.0300997
0.0300723
0.030034
0.0300217
0.0299225
0.0298528
0.0297487
0.0296086
0.0295661
0.02953
0.0295191
0.0293956
0.0293639
0.0292431
0.0292399
0.0292109
0.0292104
0.0290756
0.0290638
0.0289541
0.0288605
0.0288158
0.0288002
0.0287668
0.0287375
0.0286653
0.0285632
0.0283254
0.0282661
0.0282593
0.0282553
0.0282357
0.0282026
0.0281804
0.0280951
0.0278981
0.0278749
0.0277799
0.0276558
0.0274953
0.0274378
0.0273744
0.0273466
0.0273409
0.0273333
0.0272875
0.0272762
0.0272058
0.027149
0.0269579
0.0269158
0.0269054
0.0268999
0.0268096
0.0266504
0.0265795
0.0265688
0.0265338
0.026442
0.0263333
0.026159
0.0261294
0.0259495
0.0258832
0.0254986
0.0254609
0.0254604
0.0252628
0.025261
0.0251338
0.0250346
0.0249371
0.0248774
0.0248647
0.024845
0.0247218
0.0246725
0.0245638
0.0245096
0.0244567
0.0244466
0.024424
0.0243471
0.0243419
0.0243371
0.0242576
0.0242335
0.0241823
0.0240875
0.0240781
0.023999
0.023997
0.0239204
0.0239151
0.0238991
0.0238623
0.0237217
0.0236842
0.0234052
0.0233141
0.0232731
0.0232207
0.0231338
0.0231226
0.0230757
0.0227179
0.0225685
0.0223382
0.0223173
0.0222897
0.0222627
0.0221603
0.0221442
0.021982
0.0219318
0.0218896
0.0218365
0.0218269
0.0218255
0.0217346
0.0216354
0.0213936
0.0213693
0.0211816
0.0211266
0.0209936
0.0209792
0.0209104
0.020881
0.0208465
0.0207542
0.0206533
0.0205735
0.0204596
0.020424
0.020361
0.0201367
0.0200941
0.0200523
0.0199345
0.0198553
0.0198185
0.0197344
0.0197305
0.0196785
0.0196679
0.0196524
0.0196475
0.0196172
0.019537
0.0194688
0.019451
0.0194342
0.0192067
0.0191182
0.0190478
0.0190309
0.0189713
0.0188787
0.0186967
0.0186546
0.0185992
0.0185851
0.0185611
0.0183074
0.0182933
0.0182753
0.0182693
0.0181934
0.0180147
0.0180092
0.0179495
0.0176257
0.0171187
0.0171148
0.017018
0.0169411
0.0167828
0.0166029
0.0165097
0.0164714
0.016426
0.0163508
0.0162821
0.016264
0.0162524
0.0161247
0.0160587
0.0160057
0.0159677
0.0156583
0.015614
0.015609
0.0154039
0.0153516
0.015315
0.0152564
0.015191
0.0151616
0.0151584
0.0151409
0.0151201
0.0150366
0.0150246
0.0150114
0.0150099
0.0148804
0.0148579
0.0148481
0.0148139
0.0147593
0.0147138
0.0144404
0.0143353
0.0142574
0.0140258
0.0139702
0.0139605
0.0139274
0.0138757
0.0137558
0.0136683
0.0134726
0.0134602
0.0133651
0.0133105
0.0132644
0.0132305
0.0132019
0.0131476
0.0131176
0.0131143
0.0130524
0.0129651
0.0128624
0.0126463
0.0125248
0.012441
0.0124356
0.0124161
0.0123587
0.0123017
0.0121657
0.0120748
0.0117613
0.0115293
0.0115053
0.0114707
0.0110195
0.0110081
0.010873
0.0107603
0.0107138
0.0106848
0.0105914
0.0104446
0.0102508
0.0101961
0.010174
0.0100992
0.0100751
0.0100651
0.00999338
0.00990497
0.0098402
0.00975556
0.00975225
0.00966468
0.00941766
0.00875014
0.00866525
0.00862689
0.00859579
0.00844235
0.00842434
0.00838323
0.00829161
0.00823547
0.00817204
0.00805024
0.00799543
0.00782533
0.00771875
0.00763153
0.00760091
0.00757173
0.0075698
0.00747608
0.00739357
0.00717608
0.00697705
0.00692906
0.00681497
0.00674553
0.00671555
0.00640393
0.00618385
0.00618126
0.00591548
0.00585948
0.00583908
0.00577399
0.00570889
0.00566093
0.00562505
0.00561813
0.00560277
0.00558941
0.00556038
0.00535892
0.00532167
0.00525147
0.00523497
0.00520577
0.00518186
0.00501623
0.00499443
0.004922
0.00485475
0.00480321
0.00471981
0.00470846
0.00466895
0.00443687
0.00427686
0.00419789
0.00418982
0.00387443
0.00387163
0.00369322
0.00368502
0.00359794
0.00348027
0.00345858
0.00336712
0.00335809
0.00335416
0.00334419
0.00324909
0.00315959
0.00309537
0.00305861
0.00303439
0.00288741
0.00286381
0.00282139
0.00273115
0.00253278
0.00253194
0.00253098
0.00245923
0.0021569
0.00189094
0.0018886
0.00178657
0.00164864
0.00157269
0.00156989
0.00143737
0.0014228
0.00141753
0.00138309
0.00133743
0.00112604
0.00110127
0.000993757
0.000770431
0.000750106
0.000739519
0.0007203
0.00064881
0.000622637
0.000587364
0.000352155
0.000249207
0.000174567
1.74933e-06
-1.65154e-05
-6.12854e-05
-0.000396348
-0.000656728
-0.000828023
-0.000862986
-0.000960788
-0.00100278
-0.00123197
-0.0013388
-0.00146062
-0.00146976
-0.00177574
-0.00180334
-0.00192313
-0.00209772
-0.0021294
-0.00221796
-0.00222661
-0.00227546
-0.00236454
-0.00236914
-0.00237838
-0.00252127
-0.00260737
-0.00267127
-0.00281384
-0.00282668
-0.00308206
-0.0031553
-0.00321616
-0.00324526
-0.00327738
-0.00335087
-0.00352903
-0.0035938
-0.00360743
-0.00362907
-0.00368481
-0.00387357
-0.00393585
-0.00399967
-0.00405497
-0.00415089
-0.00419783
-0.0044371
-0.00482894
-0.00485787
-0.00491851
-0.00496506
-0.00497497
-0.00504548
-0.00509475
-0.00510411
-0.00519095
-0.00526515
-0.00528664
-0.00530866
-0.00530934
-0.00552292
-0.00558046
-0.00601879
-0.00603281
-0.00625424
-0.00626313
-0.0062672
-0.00633618
-0.0063897
-0.00642014
-0.00645515
-0.00665824
-0.00680435
-0.00681193
-0.00687257
-0.00691442
-0.00697742
-0.00706169
-0.00707159
-0.00713761
-0.00714341
-0.00719679
-0.00719736
-0.00741833
-0.00749857
-0.00757814
-0.00761765
-0.00764098
-0.00777724
-0.00778504
-0.00810429
-0.00810667
-0.00811947
-0.00813595
-0.00815488
-0.00818717
-0.008209
-0.00826553
-0.00834246
-0.00854257
-0.00858053
-0.00861499
-0.00861529
-0.00873082
-0.00923053
-0.0096583
-0.00967331
-0.00980228
-0.00984791
-0.010248
-0.0102495
-0.0102765
-0.0103108
-0.0103511
-0.0104767
-0.010603
-0.0106113
-0.0107914
-0.0108041
-0.0108363
-0.0108881
-0.0109032
-0.0109054
-0.0109943
-0.0109951
-0.0110036
-0.0110544
-0.0110745
-0.0111111
-0.0111247
-0.0112289
-0.0112816
-0.0113447
-0.0117758
-0.0118766
-0.0119446
-0.0121477
-0.0121619
-0.0122566
-0.0124093
-0.0124296
-0.0126694
-0.0127163
-0.012828
-0.0129408
-0.0130265
-0.0130425
-0.0130438
-0.0130899
-0.0131409
-0.0131936
-0.0132025
-0.0132085
-0.0133393
-0.0133542
-0.0134305
-0.0134425
-0.0136724
-0.0136747
-0.013782
-0.0137845
-0.0138055
-0.0138392
-0.0138904
-0.0139065
-0.0140012
-0.0140799
-0.0140892
-0.0141044
-0.0141527
-0.0141938
-0.014338
-0.0145074
-0.0145438
-0.0145962
-0.0146249
-0.0146535
-0.0146885
-0.0148941
-0.0149441
-0.0150786
-0.0155507
-0.0155539
-0.0157044
-0.0157832
-0.0158852
-0.0159178
-0.0159953
-0.0161534
-0.0161983
-0.016429
-0.0165929
-0.0166682
-0.0168151
-0.0169387
-0.0169407
-0.0170236
-0.0171984
-0.0172056
-0.0175133
-0.0175462
-0.0176191
-0.0176819
-0.0177383
-0.0178482
-0.0179368
-0.0179926
-0.0179935
-0.0180877
-0.0181762
-0.018322
-0.0183296
-0.0184661
-0.0185194
-0.0186563
-0.0186834
-0.018684
-0.018786
-0.0189309
-0.0190194
-0.0191153
-0.01921
-0.0195634
-0.0196168
-0.0196205
-0.019724
-0.0197673
-0.0197697
-0.0198244
-0.019928
-0.0199861
-0.020256
-0.0203048
-0.0203327
-0.0204136
-0.0205389
-0.0205812
-0.0206593
-0.0207126
-0.0207763
-0.0209263
-0.0212003
-0.0212114
-0.0213657
-0.0214855
-0.0215264
-0.0216684
-0.0217084
-0.021837
-0.0219402
-0.0221262
-0.0221695
-0.022244
-0.0223743
-0.022467
-0.0225996
-0.0227893
-0.0228369
-0.0228798
-0.0229502
-0.0230173
-0.0230493
-0.0230502
-0.0231083
-0.023272
-0.0232851
-0.0233862
-0.0233965
-0.0235506
-0.0235871
-0.0235879
-0.0236522
-0.0237128
-0.0238052
-0.0238231
-0.0240699
-0.0241227
-0.0242684
-0.0242899
-0.024408
-0.0244818
-0.0245619
-0.0245744
-0.0246003
-0.0246142
-0.0246365
-0.0248355
-0.0249127
-0.0252612
-0.0253547
-0.0253783
-0.0254827
-0.0255478
-0.0256697
-0.0256902
-0.0258139
-0.0258436
-0.0259706
-0.0261002
-0.0262586
-0.0264044
-0.0264956
-0.026679
-0.0267788
-0.0269706
-0.0270358
-0.0270704
-0.0274402
-0.0274484
-0.0276621
-0.0278968
-0.0279191
-0.0280428
-0.028063
-0.0282094
-0.0282795
-0.0283113
-0.0284174
-0.0284969
-0.0287739
-0.0288505
-0.0289476
-0.0289922
-0.029011
-0.0293127
-0.0293151
-0.0294205
-0.029558
-0.0295712
-0.0296573
-0.0297727
-0.0298647
-0.0298662
-0.0299996
-0.0300476
-0.0303462
-0.0304166
-0.0305614
-0.0305919
-0.0306014
-0.0306711
-0.0306809
-0.0307483
-0.0308144
-0.0308426
-0.0309443
-0.0309513
-0.0310446
-0.0310546
-0.031067
-0.0310928
-0.0313285
-0.0314404
-0.0315905
-0.0316745
-0.0316913
-0.0316939
-0.0317253
-0.0317717
-0.0318572
-0.031986
-0.0320729
-0.0321563
-0.0321692
-0.0322302
-0.032243
-0.032526
-0.0326893
-0.0327235
-0.0327651
-0.0328696
-0.0328912
-0.0330513
-0.0331942
-0.0332545
-0.033335
-0.0334449
-0.0334833
-0.0341671
-0.0342569
-0.0344994
-0.0345792
-0.0347115
-0.0347581
-0.0349335
-0.0349431
-0.0350592
-0.0351351
-0.0351396
-0.0352129
-0.0352276
-0.0352551
-0.0353481
-0.0355847
-0.0355871
-0.0357861
-0.0359514
-0.0359594
-0.0360368
-0.0360499
-0.0361342
-0.0365534
-0.0365784
-0.036598
-0.0366168
-0.0368417
-0.0370297
-0.0370373
-0.0372618
-0.0373298
-0.037468
-0.0374779
-0.0376201
-0.0377371
-0.0379105
-0.0380115
-0.0381199
-0.0381393
-0.03839
-0.0384636
-0.0387147
-0.0387923
-0.0388262
-0.0390185
-0.0390947
-0.0392098
-0.0393862
-0.0394195
-0.0394894
-0.0396406
-0.0397371
-0.0397486
-0.0398652
-0.0400459
-0.0401771
-0.0405486
-0.0406319
-0.0407027
-0.0407486
-0.0407609
-0.0410057
-0.0410291
-0.0410787
-0.0412877
-0.0415133
-0.041541
-0.0419577
-0.0420222
-0.0421833
-0.042563
-0.0426227
-0.0428049
-0.0431071
-0.0431572
-0.0432946
-0.0433886
-0.0434329
-0.043489
-0.0436395
-0.0437598
-0.0439707
-0.0439713
-0.044115
-0.0441301
-0.0441595
-0.0442591
-0.0442752
-0.0444071
-0.0445538
-0.0446139
-0.044952
-0.0449904
-0.0450468
-0.0455043
-0.045544
-0.0455578
-0.045558
-0.0456411
-0.0456849
-0.0457486
-0.0458464
-0.0459609
-0.0459847
-0.0460673
-0.046073
-0.0461599
-0.046165
-0.0461715
-0.0461949
-0.0462488
-0.046476
-0.0465265
-0.0468919
-0.0469573
-0.0469749
-0.0469794
-0.0471852
-0.0472728
-0.047812
-0.0478532
-0.0478887
-0.0478992
-0.0480344
-0.0480414
-0.0481995
-0.048317
-0.0483449
-0.048449
-0.0485341
-0.0487943
-0.0490487
-0.0491526
-0.0494643
-0.0494968
-0.0496815
-0.0498956
-0.0500905
-0.0503109
-0.0503392
-0.0505239
-0.0506076
-0.0506976
-0.0507223
-0.0510182
-0.0510514
-0.0511192
-0.051292
-0.0513646
-0.0513649
-0.0514565
-0.0516273
-0.0516947
-0.0518318
-0.0519255
-0.0519541
-0.0519798
-0.0520517
-0.0521954
-0.0522297
-0.0522593
-0.0522812
-0.052304
-0.0526389
-0.0526837
-0.0527176
-0.0530577
-0.0530751
-0.0531646
-0.0532221
-0.0533638
-0.0534737
-0.053624
-0.0538228
-0.0538244
-0.0539773
-0.0543877
-0.0544316
-0.0546574
-0.0548313
-0.0548407
-0.0550462
-0.0552404
-0.0553028
-0.0553315
-0.0553386
-0.0554184
-0.0558491
-0.0559906
-0.0560803
-0.0561534
-0.0563347
-0.0568134
-0.056901
-0.0571135
-0.0571284
-0.0577055
-0.0578117
-0.0578318
-0.0582032
-0.0582064
-0.0585653
-0.0586862
-0.0586882
-0.0597184
-0.0601361
-0.0602467
-0.0602489
-0.0602719
-0.0602858
-0.0604056
-0.0604844
-0.0604877
-0.0607019
-0.061005
-0.061021
-0.0610999
-0.061244
-0.061446
-0.0617597
-0.0617796
-0.0620721
-0.0620857
-0.0622272
-0.0622774
-0.0624313
-0.0624469
-0.0624737
-0.0625556
-0.0629431
-0.0629561
-0.0633308
-0.0633664
-0.0635219
-0.0637479
-0.0638714
-0.0639386
-0.0640897
-0.0641061
-0.0641086
-0.06424
-0.0646921
-0.0648194
-0.0651071
-0.0653098
-0.0653723
-0.0656114
-0.0656315
-0.0657601
-0.0660545
-0.0662574
-0.066291
-0.0663032
-0.0663241
-0.0663686
-0.0664714
-0.0666077
-0.0666378
-0.0672183
-0.0673436
-0.0675835
-0.0676495
-0.067893
-0.0681029
-0.0681491
-0.0682392
-0.0683214
-0.068359
-0.0684241
-0.0685068
-0.0688556
-0.0694585
-0.0695184
-0.0696141
-0.0697365
-0.0697527
-0.0697866
-0.06982
-0.0699071
-0.070073
-0.0702663
-0.070478
-0.0707016
-0.0707194
-0.0707865
-0.0712353
-0.0712773
-0.0714979
-0.071521
-0.0716619
-0.0719505
-0.0720061
-0.0725382
-0.0726617
-0.0729739
-0.0730533
-0.0731405
-0.0735898
-0.0737176
-0.0738768
-0.0740122
-0.0740577
-0.0741868
-0.0743625
-0.074619
-0.0747949
-0.0749702
-0.0752462
-0.0752876
-0.0754269
-0.0755575
-0.0758608
-0.0761103
-0.0761529
-0.0764387
-0.076581
-0.0766896
-0.0767023
-0.076792
-0.0768674
-0.0769012
-0.0771833
-0.077351
-0.0776059
-0.0779759
-0.0780928
-0.0782492
-0.0782656
-0.079167
-0.0792344
-0.0794674
-0.0795374
-0.0800038
-0.0800587
-0.0803016
-0.0805052
-0.0805828
-0.0808578
-0.0809556
-0.0813874
-0.0815368
-0.081545
-0.0815649
-0.0816884
-0.0817397
-0.081744
-0.0823197
-0.0823843
-0.0826289
-0.0829474
-0.0831177
-0.083132
-0.083374
-0.0838297
-0.0839735
-0.0839756
-0.0840195
-0.0845157
-0.0846252
-0.0850986
-0.0853133
-0.0853274
-0.0860119
-0.086016
-0.0865433
-0.0867441
-0.0869144
-0.0869387
-0.087191
-0.0871969
-0.0872672
-0.0879361
-0.0880465
-0.0883744
-0.0884941
-0.0885024
-0.0887924
-0.088825
-0.0888776
-0.0891642
-0.0896277
-0.0896835
-0.089744
-0.0898879
-0.090494
-0.0906943
-0.0908986
-0.091011
-0.0916165
-0.0920478
-0.0921101
-0.092407
-0.092607
-0.0926444
-0.0927144
-0.0934015
-0.0934667
-0.094111
-0.0941963
-0.0942442
-0.0943649
-0.0946413
-0.0946414
-0.0950481
-0.095388
-0.0959373
-0.0961412
-0.0969535
-0.0973127
-0.0975037
-0.098293
-0.0984726
-0.0987352
-0.099095
-0.099545
-0.0998468
-0.100341
-0.10143
-0.101594
-0.102094
-0.102398
-0.103068
-0.104203
-0.104383
-0.105038
-0.105597
-0.105683
-0.106056
-0.107584
-0.1077
-0.108061
-0.108619
-0.109199
-0.109292
-0.109495
-0.110053
-0.110206
-0.110454
-0.110503
-0.111476
-0.111971
-0.111994
-0.112442
-0.112782
-0.113417
-0.115048
-0.115669
-0.115823
-0.117006
-0.117865
-0.117979
-0.118028
-0.118345
-0.11875
-0.119065
-0.119314
-0.119825
-0.12052
-0.12182
-0.122396
-0.123453
-0.12358
-0.123714
-0.124101
-0.124636
-0.12491
-0.125111
-0.125445
-0.125685
-0.125906
-0.126006
-0.126799
-0.128105
-0.128314
-0.130638
-0.1308
-0.131382
-0.131607
-0.132942
-0.133394
-0.137493
-0.138254
-0.139138
-0.140179
-0.14083
-0.142066
-0.142756
-0.144266
-0.14479
-0.144976
-0.144989
-0.147317
-0.148476
-0.150482
-0.151777
-0.154947
-0.160958
-0.161598
-0.162967
-0.163887
-0.166742
-0.166936
-0.167452
-0.167825
-0.168962
-0.170813
-0.172793
-0.179093
-0.179842
-0.180395
-0.180826
-0.183663
-0.186069
-0.188707
-0.190034
-0.190551
-0.190688
-0.192977
-0.197804
-0.200017
-0.20253
-0.208103
-0.20908
-0.217714
-0.219399
-0.221496
-0.22641
-0.22667
-0.229672
-0.235921
-0.2484
-1
-1
-1
