0.954626
0.952503
0.950898
0.945326
0.943322
0.933559
0.931679
0.927496
0.926487
0.92606
0.924593
0.921541
0.921088
0.919715
0.918009
0.917302
0.917223
0.91518
0.914822
0.914788
0.914297
0.913019
0.911291
0.910865
0.909657
0.909146
0.908885
0.907295
0.907242
0.906942
0.906829
0.906601
0.90618
0.903853
0.902427
0.901565
0.900101
0.898923
0.898674
0.897856
0.897746
0.897182
0.896638
0.896157
0.896103
0.895715
0.895529
0.895222
0.89517
0.894601
0.894541
0.892007
0.891672
0.890391
0.89019
0.889679
0.888886
0.888707
0.888421
0.888209
0.886547
0.8864
0.886088
0.8841
0.882649
0.882255
0.881991
0.881519
0.881048
0.880413
0.880126
0.880084
0.879941
0.879538
0.87822
0.878122
0.876598
0.875479
0.875165
0.875154
0.874976
0.874444
0.873927
0.87368
0.873515
0.87292
0.872609
0.872581
0.872562
0.872148
0.871672
0.871428
0.87123
0.87089
0.870889
0.870858
0.870284
0.870153
0.869319
0.869183
0.868645
0.868185
0.866852
0.866696
0.866475
0.865684
0.865345
0.86506
0.864978
0.864891
0.864117
0.863756
0.863654
0.863255
0.863141
0.861866
0.860631
0.860609
0.85958
0.859578
0.859375
0.859303
0.85864
0.858372
0.858223
0.85809
0.858007
0.858003
0.857864
0.857672
0.857157
0.85689
0.856741
0.856585
0.85638
0.855914
0.855031
0.854848
0.854758
0.853625
0.853237
0.853207
0.852985
0.852759
0.852744
0.852142
0.85195
0.851823
0.851532
0.851426
0.851249
0.851167
0.851009
0.850401
0.849922
0.849836
0.8496
0.849143
0.849119
0.848887
0.848772
0.848679
0.848668
0.848625
0.848598
0.847664
0.847648
0.847459
0.847343
0.847326
0.847211
0.846896
0.846818
0.846244
0.846164
0.845953
0.845905
0.845779
0.844961
0.844625
0.844535
0.844163
0.844063
0.843992
0.843972
0.843876
0.843749
0.843569
0.843204
0.843066
0.842638
0.842557
0.842276
0.841886
0.84161
0.8416
0.841434
0.841291
0.841035
0.840699
0.840417
0.840268
0.840228
0.84002
0.839861
0.839729
0.839166
0.839094
0.838365
0.838333
0.838194
0.83795
0.837513
0.83744
0.837177
0.836899
0.836769
0.836692
0.836571
0.836448
0.836397
0.836333
0.835539
0.83497
0.834577
0.834538
0.834449
0.834195
0.834114
0.833129
0.832915
0.832882
0.832852
0.832695
0.832648
0.832305
0.832196
0.832092
0.831917
0.831838
0.831697
0.831419
0.831351
0.830949
0.830727
0.830612
0.830455
0.830424
0.830311
0.830256
0.830235
0.830065
0.829931
0.829857
0.829835
0.829802
0.829717
0.829337
0.829311
0.829294
0.829151
0.828978
0.828947
0.828496
0.82846
0.828356
0.82834
0.828322
0.828282
0.827864
0.827854
0.827565
0.826969
0.82692
0.826913
0.826857
0.826604
0.826276
0.826076
0.826038
0.825758
0.825658
0.825401
0.825358
0.824903
0.82464
0.824626
0.824341
0.824074
0.823992
0.823764
0.823512
0.823371
0.823355
0.823045
0.822993
0.822898
0.822812
0.822802
0.822798
0.822211
0.822192
0.822052
0.822
0.821976
0.821962
0.821935
0.821712
0.821692
0.821666
0.821464
0.821323
0.820945
0.820834
0.820802
0.820795
0.820681
0.820414
0.820114
0.81986
0.819447
0.819439
0.819405
0.818998
0.818755
0.818438
0.818415
0.818231
0.817976
0.817851
0.817649
0.817578
0.817454
0.817364
0.816912
0.816711
0.816519
0.816273
0.816261
0.815725
0.815528
0.815358
0.815275
0.815109
0.814879
0.814787
0.814703
0.814507
0.814437
0.814015
0.813601
0.813548
0.813377
0.813239
0.813062
0.812913
0.812889
0.812388
0.811928
0.811735
0.811218
0.810641
0.810504
0.810109
0.810072
0.810062
0.809958
0.809555
0.809338
0.809053
0.808867
0.808017
0.807487
0.807105
0.806951
0.806864
0.806861
0.8068
0.806752
0.80669
0.806632
0.806626
0.806528
0.806416
0.806386
0.806369
0.806275
0.806094
0.806051
0.80589
0.805874
0.805817
0.80578
0.80563
0.805276
0.805146
0.805099
0.805024
0.804944
0.804754
0.804446
0.804417
0.80439
0.804178
0.803965
0.803957
0.803745
0.803628
0.803353
0.803172
0.802819
0.802683
0.802682
0.802667
0.802212
0.8022
0.801516
0.801498
0.801441
0.80088
0.800852
0.80084
0.800623
0.800313
0.799909
0.799813
0.799684
0.799656
0.799414
0.799363
0.799033
0.798819
0.798608
0.798431
0.798368
0.798336
0.797812
0.797734
0.797617
0.797578
0.797411
0.797022
0.797016
0.796999
0.796919
0.796885
0.79684
0.796723
0.796465
0.796444
0.796439
0.796179
0.795711
0.795571
0.795445
0.795344
0.79529
0.795237
0.795153
0.795012
0.794718
0.794591
0.794441
0.794408
0.794058
0.794004
0.793737
0.793736
0.79373
0.793612
0.793556
0.793531
0.793512
0.793465
0.793431
0.793392
0.793235
0.793232
0.793168
0.793083
0.792977
0.792896
0.792868
0.792835
0.792645
0.792612
0.792609
0.792598
0.792417
0.792298
0.792247
0.792221
0.792206
0.792204
0.792187
0.792117
0.791669
0.79154
0.791515
0.791509
0.791301
0.791282
0.791134
0.79107
0.790836
0.790662
0.790644
0.790365
0.790287
0.790284
0.790226
0.79012
0.790111
0.790063
0.790028
0.789695
0.789631
0.789447
0.789405
0.789142
0.789095
0.789086
0.788933
0.788729
0.788608
0.788345
0.788077
0.787986
0.787136
0.786951
0.786675
0.786641
0.78649
0.786244
0.78601
0.785902
0.785342
0.785201
0.78511
0.784896
0.784843
0.784806
0.784755
0.784578
0.78454
0.784407
0.784049
0.783953
0.783941
0.783771
0.78351
0.783375
0.783354
0.783027
0.782803
0.782745
0.782684
0.782666
0.782608
0.78219
0.781969
0.781931
0.781897
0.781835
0.781642
0.781618
0.781518
0.781398
0.781374
0.78124
0.780867
0.780739
0.780703
0.780557
0.780126
0.779983
0.779877
0.77987
0.779516
0.779265
0.779194
0.779047
0.778855
0.778836
0.77881
0.778703
0.77868
0.778163
0.77801
0.777812
0.777721
0.777674
0.777274
0.777195
0.777046
0.776676
0.776543
0.776245
0.776235
0.776032
0.775924
0.775889
0.775827
0.775755
0.775613
0.775524
0.775437
0.775354
0.775313
0.774879
0.774548
0.774461
0.774379
0.774333
0.774206
0.77419
0.77408
0.773814
0.773732
0.773647
0.773595
0.773239
0.773229
0.773001
0.772959
0.772956
0.772796
0.772693
0.772629
0.772611
0.772591
0.772362
0.77214
0.772025
0.771979
0.771916
0.771868
0.771685
0.771451
0.771218
0.77098
0.770871
0.770401
0.770307
0.770259
0.770061
0.770011
0.769976
0.769744
0.769615
0.769425
0.76934
0.769326
0.769283
0.769131
0.769091
0.768757
0.768187
0.768119
0.768044
0.768024
0.767906
0.767782
0.767532
0.767453
0.767387
0.767289
0.767265
0.767231
0.767001
0.766936
0.766928
0.766887
0.766819
0.766705
0.766469
0.766468
0.766428
0.766097
0.76605
0.765736
0.765733
0.765673
0.765585
0.765476
0.765285
0.765248
0.765192
0.765108
0.765072
0.765044
0.76479
0.764752
0.764596
0.764448
0.764336
0.764086
0.764042
0.76378
0.763773
0.763715
0.763665
0.763653
0.763457
0.763342
0.763334
0.763282
0.763236
0.763191
0.763054
0.762985
0.762875
0.762814
0.762793
0.762732
0.762368
0.762355
0.762287
0.762193
0.761855
0.761698
0.761598
0.761443
0.761295
0.761291
0.761136
0.761109
0.761034
0.76091
0.760795
0.760502
0.760389
0.7601
0.759968
0.759747
0.759681
0.759518
0.759507
0.75949
0.75942
0.759228
0.75916
0.75915
0.7591
0.758963
0.758912
0.758599
0.758445
0.758412
0.758406
0.758317
0.758199
0.758024
0.757984
0.757926
0.75778
0.757714
0.757668
0.757637
0.75763
0.757543
0.757466
0.757302
0.757261
0.757253
0.757061
0.757034
0.756741
0.756573
0.756565
0.756519
0.756444
0.756415
0.756396
0.756381
0.756252
0.756147
0.756046
0.755895
0.755691
0.75559
0.755561
0.755475
0.755424
0.75536
0.754975
0.754921
0.754912
0.754797
0.754664
0.754554
0.754491
0.754419
0.754314
0.754164
0.754163
0.754094
0.754075
0.753916
0.753883
0.753847
0.753664
0.753646
0.75361
0.753598
0.753501
0.753489
0.753265
0.753085
0.752955
0.752883
0.752783
0.752639
0.752401
0.752324
0.752251
0.752223
0.752089
0.751941
0.751901
0.751884
0.751835
0.751739
0.751445
0.751355
0.751068
0.751027
0.751027
0.750856
0.750503
0.750116
0.749971
0.749825
0.749653
0.749382
0.749369
0.749361
0.749301
0.749293
0.749242
0.749054
0.749013
0.748852
0.748605
0.748525
0.748504
0.748351
0.748348
0.748274
0.74823
0.748147
0.748038
0.74791
0.74789
0.747791
0.747781
0.747529
0.747515
0.747246
0.747219
0.746992
0.746777
0.746626
0.74658
0.746472
0.746368
0.746291
0.746128
0.746122
0.74608
0.746025
0.745991
0.745848
0.74584
0.745757
0.745659
0.745622
0.745452
0.745335
0.745289
0.744953
0.744813
0.744802
0.744787
0.74462
0.744606
0.744598
0.744583
0.744543
0.744509
0.74444
0.744432
0.744306
0.744139
0.744134
0.744102
0.743857
0.743711
0.74365
0.743539
0.743467
0.74338
0.743354
0.743234
0.743153
0.743103
0.742872
0.742632
0.74262
0.742599
0.742376
0.742199
0.742046
0.741945
0.741759
0.741715
0.741599
0.74155
0.741547
0.741486
0.741426
0.741357
0.741151
0.741048
0.740985
0.740802
0.740719
0.740521
0.740516
0.740494
0.740405
0.740378
0.740328
0.740314
0.740295
0.740242
0.739921
0.739737
0.739736
0.739665
0.73959
0.739589
0.73953
0.739458
0.739386
0.739264
0.739249
0.739081
0.739041
0.738735
0.738719
0.738551
0.73847
0.738235
0.73811
0.737977
0.737951
0.73794
0.73755
0.737544
0.737466
0.737377
0.737353
0.737316
0.73723
0.737146
0.736983
0.736844
0.736843
0.736672
0.736574
0.736398
0.736362
0.736339
0.736287
0.736255
0.736202
0.736116
0.736001
0.735878
0.735797
0.735773
0.735526
0.735263
0.735261
0.734839
0.734828
0.73463
0.734523
0.734403
0.734317
0.734174
0.733924
0.733889
0.733863
0.733804
0.733708
0.733461
0.733329
0.733267
0.733198
0.733188
0.733137
0.732549
0.732455
0.732408
0.732383
0.732364
0.732314
0.732092
0.731877
0.731747
0.731645
0.731639
0.731585
0.731423
0.731384
0.731353
0.731302
0.731246
0.731209
0.731203
0.731201
0.731153
0.730944
0.730755
0.730626
0.730152
0.730059
0.729976
0.729767
0.729674
0.729621
0.729474
0.729452
0.729248
0.72915
0.729095
0.729042
0.729025
0.72885
0.728802
0.72865
0.72862
0.728527
0.728507
0.728425
0.728234
0.728225
0.728175
0.728124
0.727885
0.727657
0.727577
0.727469
0.727386
0.727341
0.727305
0.727189
0.727144
0.727105
0.726887
0.726802
0.726677
0.726677
0.726655
0.726607
0.726408
0.726282
0.726171
0.726131
0.726018
0.72597
0.725808
0.725541
0.725387
0.725293
0.725205
0.725201
0.725164
0.725139
0.724835
0.724496
0.72445
0.724441
0.724152
0.724091
0.723994
0.72392
0.7239
0.723855
0.723741
0.723717
0.723518
0.723474
0.723281
0.723261
0.723136
0.723134
0.723103
0.723093
0.723079
0.722987
0.722773
0.722771
0.722262
0.722159
0.722081
0.721894
0.721535
0.72147
0.721387
0.721289
0.721117
0.721025
0.72098
0.7208
0.720769
0.720638
0.720505
0.720383
0.720378
0.719959
0.71985
0.719835
0.719833
0.719737
0.719563
0.719261
0.719084
0.719022
0.718851
0.718836
0.718804
0.718698
0.718674
0.718282
0.718274
0.718222
0.718166
0.718029
0.717871
0.717666
0.717617
0.717589
0.717462
0.717461
0.717277
0.716954
0.716906
0.716856
0.716784
0.716743
0.716524
0.716521
0.716512
0.716429
0.71642
0.716229
0.716077
0.715991
0.715876
0.715396
0.715367
0.715189
0.715187
0.715184
0.714621
0.714362
0.714321
0.714284
0.714282
0.714172
0.713783
0.713781
0.713774
0.713746
0.713618
0.713514
0.713483
0.713365
0.71329
0.713081
0.713076
0.713023
0.713015
0.712949
0.712845
0.712614
0.71258
0.712503
0.712494
0.71233
0.712076
0.711938
0.711866
0.711856
0.711852
0.711816
0.711707
0.711633
0.711567
0.711519
0.711499
0.711336
0.711034
0.710919
0.710872
0.710618
0.710562
0.710393
0.710351
0.71022
0.710182
0.710118
0.71009
0.709409
0.709396
0.709369
0.70934
0.709323
0.709197
0.709157
0.709091
0.708911
0.708779
0.708723
0.708633
0.708599
0.708519
0.708156
0.708058
0.70799
0.707763
0.707507
0.707416
0.707353
0.707317
0.707203
0.707159
0.706955
0.706518
0.706451
0.706236
0.706207
0.706193
0.706146
0.705977
0.705937
0.705712
0.705706
0.705553
0.705546
0.705467
0.705459
0.705434
0.7054
0.705393
0.705341
0.705333
0.70523
0.705095
0.704893
0.704683
0.704498
0.704482
0.704379
0.704299
0.704218
0.704147
0.70413
0.704106
0.704063
0.703994
0.703957
0.703926
0.703922
0.703681
0.703572
0.703564
0.703451
0.703357
0.703088
0.703073
0.703064
0.703037
0.70294
0.702764
0.702739
0.702673
0.702608
0.702566
0.702466
0.702328
0.702198
0.702114
0.702054
0.70193
0.701917
0.701858
0.701311
0.701129
0.701093
0.700973
0.700772
0.700699
0.700398
0.700361
0.700263
0.700005
0.699987
0.699937
0.699926
0.699733
0.699629
0.699242
0.699231
0.699168
0.699094
0.699032
0.69901
0.698953
0.698725
0.698518
0.6984
0.698355
0.698081
0.698007
0.697973
0.697938
0.697749
0.697744
0.697705
0.697647
0.697488
0.69748
0.69745
0.697445
0.697321
0.696825
0.696783
0.696738
0.696724
0.696443
0.696318
0.696291
0.696116
0.69607
0.695985
0.695776
0.69574
0.695684
0.695582
0.695549
0.69549
0.695485
0.695416
0.695386
0.695255
0.695233
0.695221
0.695145
0.695132
0.695105
0.694874
0.694721
0.694667
0.694591
0.694372
0.694241
0.694166
0.694046
0.6939
0.693875
0.693704
0.693543
0.693414
0.693373
0.693202
0.693042
0.693021
0.692851
0.692722
0.692623
0.692552
0.69236
0.692303
0.691893
0.691757
0.691692
0.691601
0.691432
0.691396
0.691389
0.691296
0.691242
0.690875
0.690635
0.690511
0.690425
0.690316
0.690254
0.690215
0.690091
0.690045
0.689923
0.689734
0.689366
0.689341
0.689246
0.68898
0.688797
0.688777
0.688772
0.688758
0.688726
0.688723
0.688674
0.688669
0.688594
0.688515
0.688514
0.688512
0.688485
0.688402
0.688358
0.688277
0.687997
0.687896
0.687853
0.687662
0.687503
0.687458
0.687412
0.687326
0.6872
0.687188
0.687175
0.68717
0.686969
0.686837
0.68676
0.686618
0.686602
0.686437
0.686393
0.686387
0.686367
0.686365
0.68631
0.686264
0.686135
0.686082
0.686061
0.686048
0.686038
0.685766
0.685739
0.685442
0.685395
0.685314
0.685107
0.685105
0.68486
0.684585
0.684545
0.684498
0.684247
0.68402
0.683896
0.683806
0.683687
0.683615
0.683389
0.68321
0.683139
0.68313
0.682616
0.682612
0.682608
0.682546
0.682484
0.682392
0.682309
0.682279
0.682193
0.682013
0.681998
0.681933
0.681803
0.681792
0.681715
0.681411
0.681149
0.681128
0.681012
0.680932
0.680882
0.680382
0.680354
0.680352
0.680327
0.680284
0.680214
0.68008
0.680053
0.679662
0.67964
0.679441
0.679323
0.679301
0.67912
0.678933
0.678885
0.678832
0.678642
0.678633
0.678589
0.67843
0.678209
0.678201
0.678108
0.67807
0.678004
0.677979
0.677968
0.677908
0.677687
0.677578
0.677542
0.677256
0.677147
0.676893
0.676877
0.676849
0.676774
0.676451
0.676429
0.676291
0.676284
0.676174
0.676102
0.676076
0.676001
0.675944
0.675899
0.675872
0.675839
0.675796
0.675759
0.675663
0.675487
0.675372
0.675322
0.675261
0.675128
0.674885
0.6748
0.674401
0.674229
0.674174
0.673956
0.673935
0.67371
0.673619
0.673521
0.673419
0.67336
0.673172
0.672949
0.672729
0.672716
0.672673
0.672576
0.672493
0.672378
0.672085
0.671922
0.671705
0.671597
0.671225
0.670746
0.670703
0.670654
0.670438
0.670359
0.670079
0.669972
0.66987
0.6697
0.669664
0.669659
0.669458
0.669268
0.669165
0.669116
0.66909
0.669054
0.668988
0.668919
0.668569
0.668446
0.668383
0.66836
0.668356
0.668199
0.667971
0.667899
0.667843
0.6676
0.667289
0.667234
0.667144
0.667108
0.666955
0.666829
0.666805
0.666751
0.666582
0.666579
0.666552
0.6665
0.666372
0.666332
0.666178
0.66593
0.665889
0.665859
0.665765
0.665739
0.66534
0.66526
0.66525
0.665223
0.665146
0.664848
0.664648
0.664347
0.664332
0.6643
0.664225
0.663786
0.663748
0.663408
0.663287
0.663101
0.662978
0.662816
0.662742
0.662116
0.66208
0.661969
0.661919
0.661872
0.661784
0.661731
0.661454
0.661432
0.661397
0.661214
0.661126
0.66093
0.660862
0.660821
0.660647
0.660604
0.660546
0.660477
0.660292
0.660247
0.660123
0.660107
0.660096
0.659841
0.659591
0.659521
0.65952
0.659514
0.659496
0.659496
0.659126
0.659046
0.658828
0.658705
0.658632
0.658629
0.658496
0.658408
0.658299
0.658298
0.658177
0.658132
0.657865
0.657731
0.657681
0.65733
0.6571
0.656957
0.656883
0.656792
0.656601
0.656225
0.656196
0.656191
0.655951
0.655845
0.655838
0.655739
0.655562
0.655377
0.654975
0.654941
0.654723
0.654659
0.654244
0.654201
0.654191
0.654136
0.654131
0.654122
0.654067
0.653976
0.653677
0.653584
0.653573
0.65352
0.65343
0.653288
0.653285
0.653157
0.653118
0.653043
0.652985
0.652838
0.652686
0.652645
0.652434
0.651659
0.651653
0.651516
0.651457
0.651335
0.65119
0.651143
0.651095
0.651094
0.650697
0.650553
0.650514
0.650439
0.650393
0.65039
0.650332
0.650223
0.65022
0.650204
0.650198
0.650039
0.649989
0.649988
0.649806
0.649732
0.649489
0.649444
0.64931
0.649101
0.648757
0.648699
0.648556
0.648458
0.6484
0.648395
0.648339
0.64807
0.648018
0.64798
0.647871
0.647767
0.647634
0.647618
0.647611
0.647343
0.647181
0.64704
0.64686
0.646823
0.646788
0.646364
0.646267
0.646238
0.64612
0.645742
0.64574
0.645693
0.645613
0.645575
0.645503
0.645378
0.645228
0.64508
0.645017
0.644769
0.644735
0.644714
0.644651
0.644469
0.64445
0.644405
0.644371
0.644341
0.644193
0.644143
0.64407
0.644036
0.643557
0.643539
0.643343
0.643337
0.643015
0.642855
0.642825
0.642642
0.642575
0.642476
0.642342
0.642044
0.641689
0.641666
0.641631
0.641625
0.641516
0.641328
0.641318
0.64099
0.640778
0.640734
0.64061
0.64059
0.640198
0.639977
0.639899
0.639793
0.639707
0.639499
0.639462
0.639088
0.638928
0.638812
0.638583
0.638359
0.638175
0.637988
0.637961
0.637769
0.637529
0.637406
0.637364
0.637319
0.637136
0.63706
0.636986
0.636927
0.636869
0.636807
0.636516
0.636339
0.636249
0.636237
0.636237
0.636204
0.636008
0.635442
0.635288
0.635151
0.63513
0.63511
0.63498
0.634831
0.634709
0.634568
0.634285
0.634208
0.634041
0.633566
0.63356
0.633494
0.632947
0.632935
0.632876
0.632804
0.632649
0.632638
0.632623
0.63256
0.632395
0.632247
0.632187
0.632097
0.631943
0.631888
0.631316
0.631201
0.631187
0.631037
0.630979
0.630937
0.630882
0.63059
0.630422
0.630212
0.630201
0.630071
0.629758
0.629628
0.629625
0.629458
0.628977
0.628885
0.628515
0.628505
0.628401
0.628279
0.628252
0.628117
0.628007
0.627684
0.62768
0.627595
0.627531
0.627488
0.627275
0.627268
0.627264
0.627235
0.627031
0.626896
0.626846
0.626829
0.62665
0.62643
0.626308
0.626095
0.625872
0.625652
0.625394
0.625185
0.625177
0.625174
0.625124
0.625095
0.624922
0.624874
0.624872
0.624746
0.624419
0.624289
0.623963
0.623865
0.623814
0.623774
0.623718
0.623638
0.62353
0.623502
0.623394
0.623319
0.62329
0.623226
0.623008
0.622991
0.622968
0.622939
0.622935
0.622891
0.622778
0.622706
0.62263
0.62246
0.622231
0.622125
0.622083
0.621831
0.621818
0.621645
0.621602
0.621328
0.621136
0.620983
0.62096
0.620776
0.620728
0.620728
0.620704
0.619956
0.61989
0.619834
0.619722
0.619688
0.619679
0.619552
0.619465
0.619445
0.619114
0.619104
0.619049
0.618797
0.618475
0.618443
0.618436
0.618221
0.618057
0.618008
0.617887
0.617588
0.617555
0.617514
0.617348
0.617342
0.617046
0.617042
0.616905
0.616698
0.616656
0.616578
0.616441
0.61643
0.616349
0.616301
0.616021
0.61595
0.615396
0.615378
0.615313
0.614888
0.614834
0.614464
0.614453
0.61433
0.614297
0.614223
0.614089
0.613973
0.613736
0.613652
0.613428
0.613411
0.613252
0.61303
0.612837
0.612829
0.612684
0.612668
0.612457
0.612406
0.612275
0.612274
0.612147
0.612129
0.612068
0.611996
0.611911
0.611786
0.611649
0.611564
0.611455
0.611448
0.611297
0.611223
0.611166
0.611089
0.611041
0.610988
0.610859
0.610701
0.61063
0.610578
0.61048
0.610077
0.609954
0.609902
0.609875
0.60985
0.609803
0.609651
0.609366
0.60918
0.609052
0.608952
0.608927
0.608785
0.608708
0.608661
0.608631
0.608467
0.608411
0.608388
0.608333
0.608236
0.608204
0.608044
0.607167
0.607061
0.607017
0.606866
0.606646
0.606435
0.60641
0.606249
0.605802
0.605499
0.60544
0.605336
0.605274
0.605251
0.605224
0.605205
0.60486
0.604439
0.604236
0.604145
0.60404
0.603979
0.603956
0.603951
0.603846
0.603581
0.603021
0.603018
0.602918
0.602793
0.6025
0.602378
0.602318
0.602216
0.602111
0.602094
0.602041
0.601975
0.601005
0.600752
0.599988
0.599971
0.599859
0.599842
0.599496
0.599412
0.599397
0.599355
0.599239
0.598985
0.598984
0.598517
0.59838
0.598366
0.598283
0.598146
0.597889
0.597883
0.597479
0.59735
0.597078
0.59697
0.596034
0.59596
0.595925
0.595889
0.595734
0.595633
0.595606
0.595606
0.595249
0.595216
0.5951
0.594988
0.594841
0.594807
0.594786
0.594745
0.59472
0.594701
0.59466
0.594588
0.594525
0.594089
0.594075
0.593679
0.593672
0.593138
0.593021
0.592567
0.592285
0.592122
0.59179
0.591737
0.591666
0.591431
0.591235
0.591192
0.590715
0.590705
0.590451
0.590275
0.590236
0.589681
0.589619
0.589456
0.588935
0.588658
0.588617
0.588185
0.58795
0.587606
0.587589
0.587513
0.587499
0.587471
0.587355
0.587182
0.587088
0.586979
0.586704
0.586502
0.586497
0.586445
0.586359
0.585967
0.585639
0.58523
0.584625
0.584448
0.584119
0.583764
0.583522
0.583471
0.583261
0.583088
0.582949
0.582736
0.582705
0.582571
0.582562
0.582439
0.582348
0.582317
0.582099
0.582068
0.581687
0.581354
0.581203
0.581159
0.580708
0.580513
0.580394
0.580375
0.580172
0.580091
0.580058
0.580019
0.57998
0.57992
0.579828
0.579811
0.579671
0.579657
0.579561
0.579353
0.579334
0.579112
0.579088
0.578973
0.578844
0.578806
0.578467
0.578184
0.578024
0.577551
0.57727
0.577177
0.577128
0.577022
0.576739
0.576713
0.576708
0.576666
0.576437
0.57639
0.576358
0.576208
0.576033
0.575603
0.575531
0.575302
0.575151
0.575126
0.574993
0.574789
0.574532
0.57441
0.574273
0.574267
0.573584
0.573284
0.573251
0.572789
0.572519
0.572187
0.572024
0.571889
0.571826
0.571719
0.571533
0.571467
0.571098
0.571012
0.570997
0.570905
0.570788
0.57073
0.570586
0.570421
0.570221
0.570211
0.570097
0.570021
0.569936
0.569925
0.569789
0.568963
0.568499
0.568469
0.568333
0.5681
0.568063
0.567652
0.567509
0.567355
0.567204
0.567138
0.567054
0.56677
0.566399
0.566359
0.566194
0.566157
0.566032
0.565832
0.565607
0.565346
0.565189
0.565183
0.565119
0.565025
0.564927
0.564594
0.564559
0.563934
0.563831
0.563734
0.563728
0.563554
0.563181
0.563147
0.562274
0.562274
0.562122
0.562104
0.561617
0.561022
0.560806
0.560675
0.560437
0.560376
0.560129
0.559756
0.559685
0.559577
0.559212
0.559128
0.559119
0.558928
0.558657
0.558606
0.558514
0.558288
0.558238
0.557497
0.557286
0.5571
0.557006
0.556742
0.556728
0.556143
0.555959
0.555735
0.555558
0.555358
0.555031
0.555021
0.554973
0.554748
0.554446
0.554359
0.553792
0.553707
0.553666
0.553343
0.553133
0.553106
0.553052
0.552915
0.552667
0.552334
0.552091
0.551647
0.551495
0.551144
0.550843
0.550599
0.550453
0.550221
0.550111
0.550102
0.549883
0.549776
0.54961
0.549376
0.549049
0.549004
0.54852
0.548499
0.548376
0.548184
0.547933
0.547567
0.54753
0.547386
0.547065
0.546438
0.54635
0.546279
0.545553
0.545016
0.544547
0.544406
0.544315
0.544086
0.543975
0.543952
0.543915
0.543848
0.543764
0.543741
0.543372
0.543313
0.543218
0.543162
0.542673
0.54266
0.542331
0.542276
0.542241
0.542213
0.541973
0.54181
0.541371
0.541351
0.541053
0.540833
0.540799
0.540691
0.540278
0.539948
0.53993
0.539707
0.538377
0.538126
0.538081
0.537668
0.537629
0.537178
0.537025
0.537012
0.536728
0.536419
0.536223
0.535912
0.535902
0.535187
0.53507
0.534958
0.534574
0.533874
0.533587
0.533277
0.533097
0.533033
0.532787
0.532362
0.532198
0.531485
0.531316
0.531224
0.530446
0.53021
0.529971
0.529743
0.5297
0.529607
0.529528
0.529293
0.528923
0.528641
0.528535
0.528255
0.527781
0.527703
0.527427
0.527403
0.52717
0.526993
0.526353
0.526031
0.525984
0.525914
0.525868
0.525733
0.525668
0.525619
0.525425
0.525365
0.525013
0.524751
0.524725
0.524689
0.524664
0.524631
0.524574
0.5242
0.524189
0.523204
0.523018
0.522552
0.522426
0.522365
0.522365
0.52207
0.521938
0.521489
0.521027
0.519938
0.519874
0.519191
0.519011
0.518216
0.518155
0.517986
0.517711
0.517707
0.51769
0.517618
0.517327
0.517281
0.517253
0.51712
0.51688
0.516238
0.516166
0.515957
0.515874
0.515717
0.515525
0.51516
0.515129
0.514767
0.514545
0.514395
0.514238
0.514009
0.513959
0.513803
0.513797
0.513732
0.513452
0.513425
0.513141
0.513124
0.512975
0.512942
0.512605
0.512566
0.51255
0.511982
0.511692
0.511445
0.510968
0.510593
0.510456
0.51013
0.50999
0.50994
0.509925
0.509532
0.509427
0.508975
0.508656
0.507226
0.507181
0.506654
0.506205
0.506091
0.505919
0.505636
0.505447
0.505393
0.505169
0.504637
0.504557
0.504521
0.504216
0.503827
0.503432
0.503306
0.503202
0.503133
0.503053
0.502978
0.502385
0.502172
0.501585
0.500445
0.500424
0.500122
0.499477
0.498423
0.498073
0.498062
0.497117
0.496989
0.49674
0.496563
0.496227
0.496145
0.49599
0.495484
0.495377
0.495224
0.495005
0.494951
0.494887
0.494507
0.494118
0.493816
0.493763
0.493643
0.493494
0.493138
0.492883
0.492651
0.492402
0.491809
0.491189
0.491059
0.490938
0.490862
0.490526
0.490166
0.489615
0.489533
0.489472
0.489451
0.489437
0.488969
0.488883
0.488843
0.488416
0.488391
0.488131
0.487423
0.487394
0.487173
0.487137
0.487082
0.486743
0.486427
0.48635
0.486261
0.486034
0.485311
0.485106
0.484855
0.484631
0.484188
0.484029
0.483802
0.483614
0.482601
0.482527
0.482363
0.480827
0.479766
0.479322
0.478479
0.477682
0.477371
0.47726
0.477094
0.476468
0.475211
0.475001
0.474396
0.47438
0.473271
0.472824
0.472437
0.472363
0.472078
0.471329
0.471039
0.470688
0.470459
0.470291
0.470277
0.470276
0.470201
0.470144
0.46949
0.469359
0.469095
0.468947
0.468784
0.468326
0.468234
0.467806
0.467646
0.465677
0.465442
0.464812
0.464355
0.464299
0.463621
0.462411
0.461863
0.461828
0.461414
0.46097
0.460552
0.458323
0.458288
0.45816
0.458109
0.457846
0.457458
0.456448
0.456307
0.455646
0.455162
0.455003
0.45418
0.454074
0.453823
0.453802
0.453205
0.452504
0.452153
0.451957
0.450529
0.450469
0.450038
0.449161
0.448764
0.448698
0.448561
0.447885
0.447613
0.447321
0.446312
0.446161
0.446102
0.445947
0.445598
0.445128
0.444842
0.444648
0.444245
0.444044
0.443855
0.443492
0.443066
0.442865
0.44222
0.441399
0.440742
0.440323
0.439863
0.439254
0.438923
0.438663
0.437486
0.437437
0.436691
0.436637
0.43519
0.431311
0.43099
0.430786
0.430672
0.430341
0.429186
0.426384
0.426063
0.425501
0.425236
0.425168
0.425134
0.424778
0.424271
0.424252
0.423726
0.423424
0.421832
0.421393
0.420814
0.418057
0.417927
0.417602
0.417466
0.417378
0.417357
0.417124
0.416617
0.416166
0.415411
0.41515
0.414922
0.414235
0.41155
0.41144
0.41138
0.411321
0.411036
0.409327
0.409268
0.409123
0.409012
0.408672
0.408612
0.408493
0.407562
0.407465
0.407395
0.406249
0.406246
0.406023
0.405921
0.40582
0.405692
0.40501
0.404076
0.402766
0.402215
0.40155
0.40109
0.399912
0.399698
0.394727
0.393454
0.393431
0.393107
0.391363
0.389526
0.389331
0.388945
0.388008
0.387978
0.387596
0.387385
0.385734
0.385481
0.38533
0.385317
0.383835
0.383623
0.381812
0.377837
0.37683
0.376752
0.376302
0.375855
0.375604
0.374053
0.372764
0.368998
0.368292
0.368045
0.366696
0.366314
0.365753
0.36545
0.365279
0.363081
0.36269
0.362582
0.358458
0.357243
0.357021
0.356982
0.355566
0.354209
0.348563
0.347955
0.34632
0.345572
0.34476
0.342951
0.341546
0.341454
0.339433
0.339333
0.33833
0.338112
0.336398
0.331826
0.331294
0.327837
0.322422
0.321206
0.319772
0.319133
0.317114
0.316523
0.316415
0.314437
0.311917
0.309924
0.309064
0.306745
0.304945
0.301041
0.300081
0.29917
0.295428
0.294804
0.293379
0.291788
0.291324
0.289713
0.285959
0.284412
0.2813
0.28112
0.280821
0.278392
0.277114
0.274618
0.274357
0.270429
0.270267
0.263296
0.26256
0.261088
0.257885
0.253454
0.249043
0.247351
0.242019
0.240727
0.23783
0.23279
0.230828
0.22819
0.226945
0.217861
0.216854
0.216047
0.213243
0.211616
0.20595
0.205147
0.203549
0.199369
0.190938
0.182806
0.181442
0.171681
0.170976
0.161695
0.157471
0.134366
0.130745
0.128427
0.128131
0.115046
0.10709
0.0926341
0.0373607
-0.000320455
-1
-1
-1
-1
